7.737926840782165527e-01
7.388291954994201660e-01
7.400956749916076660e-01
7.398489117622375488e-01
7.281714081764221191e-01
7.039341330528259277e-01
7.217449545860290527e-01
7.135336399078369141e-01
7.062069773674011230e-01
6.825169920921325684e-01
6.991517543792724609e-01
6.994110345840454102e-01
6.718434095382690430e-01
6.835570335388183594e-01
6.820389032363891602e-01
6.672862768173217773e-01
6.690452098846435547e-01
6.720494031906127930e-01
6.693258881568908691e-01
6.536009907722473145e-01
6.518205404281616211e-01
6.528142690658569336e-01
6.636095046997070312e-01
6.560815572738647461e-01
6.491893529891967773e-01
6.453335285186767578e-01
6.543823480606079102e-01
6.774542927742004395e-01
6.439416408538818359e-01
6.448388099670410156e-01
6.491597294807434082e-01
6.716470122337341309e-01
6.390332579612731934e-01
6.418112516403198242e-01
6.738558411598205566e-01
6.574443578720092773e-01
6.425077319145202637e-01
6.574937105178833008e-01
6.420861482620239258e-01
6.536635160446166992e-01
6.514717936515808105e-01
6.620894670486450195e-01
6.670272350311279297e-01
6.529493331909179688e-01
6.795758008956909180e-01
6.711986660957336426e-01
6.842570900917053223e-01
6.836827397346496582e-01
7.228031158447265625e-01
7.802603244781494141e-01
8.694608807563781738e-01
9.666349291801452637e-01
1.105285048484802246e+00
1.181412100791931152e+00
1.292709589004516602e+00
1.304876089096069336e+00
1.316628813743591309e+00
1.320312619209289551e+00
1.330454826354980469e+00
1.352848410606384277e+00
1.377620458602905273e+00
1.384108901023864746e+00
1.382038831710815430e+00
1.401140213012695312e+00
1.424503087997436523e+00
1.428735613822937012e+00
1.450073599815368652e+00
1.483412861824035645e+00
1.483450889587402344e+00
1.507475137710571289e+00
1.518794536590576172e+00
1.581180334091186523e+00
1.579783916473388672e+00
1.613987445831298828e+00
1.637944936752319336e+00
1.685888409614562988e+00
1.697663784027099609e+00
1.723386168479919434e+00
1.768432497978210449e+00
1.782469987869262695e+00
1.822544574737548828e+00
1.873811006546020508e+00
1.933201789855957031e+00
1.968037366867065430e+00
2.009313344955444336e+00
2.053546428680419922e+00
2.084169149398803711e+00
2.152648925781250000e+00
2.201159000396728516e+00
2.305461645126342773e+00
2.375265836715698242e+00
2.428161382675170898e+00
2.512128114700317383e+00
2.499221086502075195e+00
2.504576206207275391e+00
2.524863719940185547e+00
2.525953292846679688e+00
2.534904718399047852e+00
2.530829191207885742e+00
2.549848079681396484e+00
2.549658775329589844e+00
2.582329034805297852e+00
2.726959466934204102e+00
2.993273019790649414e+00
3.133468389511108398e+00
3.156916618347167969e+00
3.166153430938720703e+00
3.178759336471557617e+00
3.201369047164916992e+00
3.225827217102050781e+00
3.240628957748413086e+00
1.724669337272644043e+00
1.656217098236083984e+00
1.656381368637084961e+00
1.632243990898132324e+00
1.624821662902832031e+00
1.626867175102233887e+00
1.623780727386474609e+00
1.664821028709411621e+00
1.662329435348510742e+00
1.744267225265502930e+00
inf
inf
inf
inf
inf
inf
inf
inf
inf
inf
inf
inf
inf
inf
inf
2.408738136291503906e+00
2.354772806167602539e+00
8.338559865951538086e-01
8.108223676681518555e-01
7.976681590080261230e-01
7.978693842887878418e-01
7.778774499893188477e-01
7.871293425559997559e-01
7.634081840515136719e-01
7.883701920509338379e-01
7.629055976867675781e-01
7.530267238616943359e-01
7.731693387031555176e-01
7.777402997016906738e-01
7.690951228141784668e-01
7.988265752792358398e-01
7.924751639366149902e-01
7.841507196426391602e-01
8.125149607658386230e-01
8.366116881370544434e-01
8.606959581375122070e-01
inf
inf
inf
1.887980103492736816e+00
1.855573654174804688e+00
1.807628273963928223e+00
1.795927524566650391e+00
1.777375817298889160e+00
1.770053148269653320e+00
1.791408061981201172e+00
1.819040536880493164e+00
1.825252413749694824e+00
2.850576400756835938e+00
2.848430156707763672e+00
2.858344554901123047e+00
2.912117958068847656e+00
inf
inf
inf
inf
inf
inf
inf
inf
inf
inf
inf
inf
inf
inf
inf
inf
2.924049854278564453e+00
2.888150215148925781e+00
2.869297504425048828e+00
2.872007608413696289e+00
1.926976084709167480e+00
1.855438828468322754e+00
1.836145758628845215e+00
1.812113165855407715e+00
1.797464966773986816e+00
1.818699121475219727e+00
1.827480077743530273e+00
1.810844659805297852e+00
1.872985601425170898e+00
inf
inf
inf
inf
inf
inf
inf
9.028006792068481445e-01
9.011238813400268555e-01
8.764429092407226562e-01
8.479299545288085938e-01
8.285572528839111328e-01
8.382204174995422363e-01
8.164879679679870605e-01
8.094453215599060059e-01
8.393726944923400879e-01
7.946714758872985840e-01
8.168837428092956543e-01
8.288244009017944336e-01
8.353700041770935059e-01
8.352676630020141602e-01
8.568882346153259277e-01
8.602518439292907715e-01
8.860245943069458008e-01
9.255585670471191406e-01
2.772909402847290039e+00
2.739638090133666992e+00
2.670202255249023438e+00
2.646028757095336914e+00
2.596704006195068359e+00
2.568231105804443359e+00
2.536506891250610352e+00
2.506659746170043945e+00
2.467883586883544922e+00
2.460608243942260742e+00
2.400552749633789062e+00
2.386434555053710938e+00
2.376748085021972656e+00
2.366162538528442383e+00
2.312912940979003906e+00
2.277725696563720703e+00
2.262943983078002930e+00
2.268208503723144531e+00
2.224160909652709961e+00
2.218538284301757812e+00
2.206903457641601562e+00
2.191659212112426758e+00
2.024157762527465820e+00
1.860569000244140625e+00
1.744581937789916992e+00
1.622345089912414551e+00
1.573168516159057617e+00
1.556536316871643066e+00
1.541827201843261719e+00
1.539242029190063477e+00
1.526486396789550781e+00
1.515827178955078125e+00
1.525284886360168457e+00
1.545779824256896973e+00
1.522144675254821777e+00
1.513223171234130859e+00
1.515032887458801270e+00
1.518865227699279785e+00
1.516831874847412109e+00
1.494218230247497559e+00
1.437689423561096191e+00
1.403489232063293457e+00
1.331478714942932129e+00
1.338298797607421875e+00
1.306796669960021973e+00
1.243840336799621582e+00
1.199166297912597656e+00
1.179372787475585938e+00
1.131451725959777832e+00
1.133093714714050293e+00
1.117709040641784668e+00
1.095450758934020996e+00
1.069989204406738281e+00
1.029425740242004395e+00
1.001836538314819336e+00
1.006602168083190918e+00
9.978472590446472168e-01
9.560119509696960449e-01
9.315382242202758789e-01
9.116035103797912598e-01
9.058825373649597168e-01
8.893655538558959961e-01
8.673540353775024414e-01
8.582705259323120117e-01
8.773795962333679199e-01
8.465670347213745117e-01
8.383154869079589844e-01
8.279532790184020996e-01
8.131079077720642090e-01
8.038278818130493164e-01
7.913710474967956543e-01
7.896486520767211914e-01
7.682286500930786133e-01
7.752152681350708008e-01
7.520778775215148926e-01
7.362678050994873047e-01
7.648429274559020996e-01
7.369116544723510742e-01
7.437079548835754395e-01
7.641162276268005371e-01
7.185829877853393555e-01
7.443238496780395508e-01
7.261124849319458008e-01
6.996028423309326172e-01
7.202504873275756836e-01
7.151727080345153809e-01
6.990422010421752930e-01
7.044791579246520996e-01
6.661875247955322266e-01
6.849682927131652832e-01
6.928859949111938477e-01
6.688250303268432617e-01
6.988193392753601074e-01
6.851082444190979004e-01
6.779441833496093750e-01
6.932434439659118652e-01
6.684139370918273926e-01
6.629351973533630371e-01
6.843792796134948730e-01
6.849164962768554688e-01
6.880183815956115723e-01
6.864324212074279785e-01
6.669387817382812500e-01
6.784570217132568359e-01
6.512149572372436523e-01
6.614935994148254395e-01
6.848985552787780762e-01
6.791980266571044922e-01
6.910753250122070312e-01
6.832258105278015137e-01
6.652281284332275391e-01
6.932093501091003418e-01
6.774142384529113770e-01
7.025619745254516602e-01
6.879262924194335938e-01
7.129105925559997559e-01
7.062811255455017090e-01
6.925359368324279785e-01
7.004292011260986328e-01
7.030885815620422363e-01
7.098731398582458496e-01
6.929047107696533203e-01
7.136764526367187500e-01
7.256034612655639648e-01
7.086999416351318359e-01
7.242566943168640137e-01
7.497522234916687012e-01
7.415108084678649902e-01
7.462837696075439453e-01
7.563160657882690430e-01
7.592966556549072266e-01
7.539542913436889648e-01
7.564049363136291504e-01
